image_width: 640
image_height: 400
camera_name: narrow_stereo/left
camera_matrix:
  rows: 3
  cols: 3
  data: [439.348344, 0.000000, 325.975029, 0.000000, 440.023058, 175.067734, 0.000000, 0.000000, 1.000000]
distortion_model: plumb_bob
distortion_coefficients:
  rows: 1
  cols: 5
  data: [0.003281, 0.019656, -0.005923, 0.005306, 0.000000]
rectification_matrix:
  rows: 3
  cols: 3
  data: [0.999773, 0.004805, -0.020771, -0.004952, 0.999963, -0.007043, 0.020737, 0.007144, 0.999759]
projection_matrix:
  rows: 3
  cols: 4
  data: [460.332813, 0.0, 341.874207, 0.0, 0.0, 460.332813, 175.004116, 0.0, 0.0, 0.0, 1.0, 0.0]
binning_x: 1
binning_y: 1
roi: 
  x_offset: 0
  y_offset: 0
  height: 0
  width: 0
  do_rectify: True
