image_width: 640
image_height: 400
camera_name: narrow_stereo/right
camera_matrix:
  rows: 3
  cols: 3
  data: [436.947502, 0.0, 314.775461, 0.0, 437.233334, 180.525123, 0.0, 0.0, 1.0]
distortion_model: plumb_bob
distortion_coefficients:
  rows: 1
  cols: 5
  data: [0.041409, -0.060584, -0.005143, 0.003726, 0.0]
rectification_matrix:
  rows: 3
  cols: 3
  data: [0.999411, 0.004234, -0.034054, -0.003992, 0.999966, 0.007163, 0.034083, -0.007023, 0.999394]
projection_matrix:
  rows: 3
  cols: 4
  data: [460.332813, 0.0, 341.874207, -23.108812, 0.0, 460.332813, 175.004116, 0.0, 0.0, 0.0, 1.0, 0.0]
binning_x: 1
binning_y: 1
roi: 
  x_offset: 0
  y_offset: 0
  height: 0
  width: 0
  do_rectify: True
